3 0.006460223060895486
7 0.006460223060895486
8 0.006460223060895486
8 0.013189622082661652
11 0.006460223060895486
14 0.006460223060895486
14 0.013189622082661652
14 0.019784433123992477
16 0.006460223060895486
19 0.006460223060895486
19 0.013189622082661652
19 0.028099629654366264
20 0.006460223060895486
20 0.019784433123992477
23 0.006460223060895486
23 0.013189622082661652
23 0.0351723255537644
27 0.006460223060895486
29 0.006460223060895486
29 0.013189622082661652
29 0.019784433123992477
29 0.028099629654366264
29 0.04440506101162809
31 0.006460223060895486
33 0.006460223060895486
33 0.013189622082661652
33 0.04870014307444302
36 0.006460223060895486
36 0.019784433123992477
36 0.0351723255537644
40 0.006460223060895486
40 0.013189622082661652
40 0.028099629654366264
40 0.06130828288225421
44 0.006460223060895486
48 0.006460223060895486
48 0.013189622082661652
48 0.019784433123992477
48 0.04440506101162809
48 0.06528862930917564
49 0.006460223060895486
53 0.006460223060895486
53 0.013189622082661652
53 0.028099629654366264
53 0.0351723255537644
53 0.08518297595052461
54 0.006460223060895486
54 0.019784433123992477
54 0.04870014307444302
56 0.006460223060895486
56 0.013189622082661652
56 0.0791377324959699
58 0.006460223060895486
59 0.006460223060895486
59 0.013189622082661652
59 0.019784433123992477
59 0.028099629654366264
59 0.04440506101162809
59 0.06130828288225421
59 0.10551151512006136
61 0.006460223060895486
61 0.0351723255537644
62 0.006460223060895486
62 0.013189622082661652
62 0.10551697666129321
65 0.006460223060895486
65 0.019784433123992477
65 0.06528862930917564
66 0.006460223060895486
66 0.013189622082661652
66 0.028099629654366264
66 0.04870014307444302
66 0.11583193752081312
67 0.006460223060895486
70 0.006460223060895486
70 0.013189622082661652
70 0.019784433123992477
70 0.0351723255537644
70 0.04440506101162809
70 0.08518297595052461
70 0.13761172372910585
71 0.006460223060895486
75 0.006460223060895486
75 0.013189622082661652
75 0.028099629654366264
75 0.06130828288225421
75 0.14713987891741215
78 0.006460223060895486
78 0.019784433123992477
78 0.0791377324959699
79 0.006460223060895486
79 0.013189622082661652
79 0.1582754649919398
81 0.006460223060895486
81 0.0351723255537644
81 0.04870014307444302
84 0.006460223060895486
84 0.013189622082661652
84 0.019784433123992477
84 0.028099629654366264
84 0.04440506101162809
84 0.06528862930917564
84 0.10551151512006136
84 0.1939424013738115
86 0.006460223060895486
88 0.006460223060895486
88 0.013189622082661652
88 0.1582754649919398
89 0.006460223060895486
89 0.019784433123992477
89 0.10551697666129321
93 0.006460223060895486
93 0.013189622082661652
93 0.028099629654366264
93 0.0351723255537644
93 0.06130828288225421
93 0.08518297595052461
93 0.26491547106970215
97 0.006460223060895486
101 0.006460223060895486
101 0.013189622082661652
101 0.019784433123992477
101 0.04440506101162809
101 0.04870014307444302
101 0.11583193752081312
101 0.23386214538873706
104 0.006460223060895486
106 0.006460223060895486
106 0.013189622082661652
106 0.028099629654366264
106 0.0791377324959699
106 0.2418097381821376
110 0.006460223060895486
110 0.019784433123992477
110 0.0351723255537644
110 0.06528862930917564
110 0.13761172372910585
113 0.006460223060895486
113 0.013189622082661652
113 0.21103395332258643
117 0.006460223060895486
120 0.006460223060895486
120 0.013189622082661652
120 0.019784433123992477
120 0.028099629654366264
120 0.04440506101162809
120 0.06130828288225421
120 0.10551151512006136
120 0.14713987891741215
120 0.3018001346142543
123 0.006460223060895486
123 0.04870014307444302
127 0.006460223060895486
127 0.013189622082661652
127 0.0351723255537644
127 0.08518297595052461
127 0.33413709276076603
128 0.006460223060895486
128 0.019784433123992477
128 0.1582754649919398
132 0.006460223060895486
132 0.013189622082661652
132 0.028099629654366264
132 0.10551697666129321
132 0.37590422935587126
134 0.006460223060895486
137 0.006460223060895486
137 0.013189622082661652
137 0.019784433123992477
137 0.04440506101162809
137 0.06528862930917564
137 0.1939424013738115
137 0.35908746120047264
140 0.006460223060895486
140 0.0351723255537644
140 0.0791377324959699
144 0.006460223060895486
144 0.013189622082661652
144 0.028099629654366264
144 0.04870014307444302
144 0.06130828288225421
144 0.11583193752081312
144 0.4194615961500394
148 0.006460223060895486
148 0.019784433123992477
148 0.1582754649919398
149 0.006460223060895486
149 0.013189622082661652
149 0.3165509299838796
152 0.006460223060895486
153 0.006460223060895486
153 0.013189622082661652
153 0.019784433123992477
153 0.028099629654366264
153 0.0351723255537644
153 0.04440506101162809
153 0.08518297595052461
153 0.10551151512006136
153 0.13761172372910585
153 0.26491547106970215
153 0.484224000709746
154 0.006460223060895486
158 0.006460223060895486
158 0.013189622082661652
158 0.3165509299838796
160 0.006460223060895486
160 0.019784433123992477
160 0.04870014307444302
160 0.06528862930917564
160 0.23386214538873706
163 0.006460223060895486
163 0.013189622082661652
163 0.028099629654366264
163 0.06130828288225421
163 0.14713987891741215
163 0.4414196367522428
166 0.006460223060895486
166 0.0351723255537644
166 0.10551697666129321
169 0.006460223060895486
169 0.013189622082661652
169 0.019784433123992477
169 0.04440506101162809
169 0.0791377324959699
169 0.2418097381821376
169 0.36601201279387263
170 0.006460223060895486
171 0.006460223060895486
171 0.013189622082661652
171 0.028099629654366264
171 0.1582754649919398
171 0.8045669470424017
173 0.006460223060895486
173 0.019784433123992477
173 0.21103395332258643
175 0.006460223060895486
175 0.013189622082661652
175 0.0351723255537644
175 0.04870014307444302
175 0.08518297595052461
175 0.11583193752081312
175 0.7169743285959868
177 0.006460223060895486
178 0.006460223060895486
178 0.013189622082661652
178 0.019784433123992477
178 0.028099629654366264
178 0.04440506101162809
178 0.06130828288225421
178 0.06528862930917564
178 0.10551151512006136
178 0.1939424013738115
178 0.3018001346142543
178 1.1033231516435047
181 0.006460223060895486
182 0.006460223060895486
182 0.013189622082661652
182 0.6331018599677593
185 0.006460223060895486
185 0.019784433123992477
185 0.0351723255537644
185 0.13761172372910585
185 0.33413709276076603
187 0.006460223060895486
187 0.013189622082661652
187 0.028099629654366264
187 0.1582754649919398
187 0.8045669470424017
191 0.006460223060895486
191 0.04870014307444302
191 0.0791377324959699
193 0.006460223060895486
193 0.013189622082661652
193 0.019784433123992477
193 0.04440506101162809
193 0.10551697666129321
193 0.37590422935587126
193 0.7584032697530749
196 0.006460223060895486
200 0.006460223060895486
200 0.013189622082661652
200 0.028099629654366264
200 0.0351723255537644
200 0.06130828288225421
200 0.08518297595052461
200 0.14713987891741215
200 0.26491547106970215
200 1.1209701671610777
204 0.006460223060895486
204 0.019784433123992477
204 0.06528862930917564
204 0.35908746120047264
208 0.006460223060895486
208 0.013189622082661652
208 0.6331018599677593
211 0.006460223060895486
215 0.006460223060895486
215 0.013189622082661652
215 0.019784433123992477
215 0.028099629654366264
215 0.04440506101162809
215 0.04870014307444302
215 0.10551151512006136
215 0.11583193752081312
215 0.23386214538873706
215 0.4194615961500394
215 1.1088752021701036
218 0.006460223060895486
218 0.0351723255537644
218 0.1582754649919398
221 0.006460223060895486
221 0.013189622082661652
221 0.6331018599677593
222 0.006460223060895486
222 0.019784433123992477
222 0.3165509299838796
223 0.006460223060895486
223 0.013189622082661652
223 0.028099629654366264
223 0.06130828288225421
223 0.0791377324959699
223 0.2418097381821376
223 0.9953385823829416
225 0.006460223060895486
226 0.006460223060895486
226 0.013189622082661652
226 0.019784433123992477
226 0.0351723255537644
226 0.04440506101162809
226 0.06528862930917564
226 0.08518297595052461
226 0.13761172372910585
226 0.1939424013738115
226 0.484224000709746
226 0.8909589716838429
227 0.006460223060895486
227 0.04870014307444302
227 0.10551697666129321
231 0.006460223060895486
231 0.013189622082661652
231 0.028099629654366264
231 0.21103395332258643
231 0.8573254353730609
232 0.006460223060895486
232 0.019784433123992477
232 0.3165509299838796
233 0.006460223060895486
233 0.013189622082661652
233 0.6331018599677593
235 0.006460223060895486
235 0.0351723255537644
235 0.1582754649919398
238 0.006460223060895486
238 0.013189622082661652
238 0.019784433123992477
238 0.028099629654366264
238 0.04440506101162809
238 0.06130828288225421
238 0.10551151512006136
238 0.14713987891741215
238 0.3018001346142543
238 0.4414196367522428
238 1.3543404173744302
240 0.006460223060895486
244 0.006460223060895486
244 0.013189622082661652
244 0.04870014307444302
244 0.11583193752081312
244 0.6818020030422139
248 0.019784433123992477
248 0.06528862930917564
248 0.0791377324959699
248 0.36601201279387263
