3 0.006460223060895486
8 0.006460223060895486
14 0.006460223060895486
19 0.006460223060895486
23 0.006460223060895486
29 0.006460223060895486
33 0.006460223060895486
40 0.006460223060895486
48 0.006460223060895486
53 0.006460223060895486
56 0.006460223060895486
59 0.006460223060895486
62 0.006460223060895486
66 0.006460223060895486
70 0.006460223060895486
75 0.006460223060895486
79 0.006460223060895486
84 0.006460223060895486
88 0.006460223060895486
93 0.006460223060895486
101 0.006460223060895486
106 0.006460223060895486
113 0.006460223060895486
120 0.006460223060895486
127 0.006460223060895486
132 0.006460223060895486
137 0.006460223060895486
144 0.006460223060895486
149 0.006460223060895486
153 0.006460223060895486
158 0.006460223060895486
163 0.006460223060895486
169 0.006460223060895486
171 0.006460223060895486
175 0.006460223060895486
178 0.006460223060895486
182 0.006460223060895486
187 0.006460223060895486
193 0.006460223060895486
200 0.006460223060895486
208 0.006460223060895486
215 0.006460223060895486
221 0.006460223060895486
223 0.006460223060895486
226 0.006460223060895486
231 0.006460223060895486
233 0.006460223060895486
238 0.006460223060895486
244 0.006460223060895486
14 0.013189622082661652
23 0.013189622082661652
33 0.013189622082661652
48 0.013189622082661652
56 0.013189622082661652
62 0.013189622082661652
70 0.013189622082661652
79 0.013189622082661652
88 0.013189622082661652
101 0.013189622082661652
113 0.013189622082661652
127 0.013189622082661652
137 0.013189622082661652
149 0.013189622082661652
158 0.013189622082661652
169 0.013189622082661652
175 0.013189622082661652
182 0.013189622082661652
193 0.013189622082661652
208 0.013189622082661652
221 0.013189622082661652
226 0.013189622082661652
233 0.013189622082661652
244 0.013189622082661652
20 0.019784433123992477
36 0.019784433123992477
54 0.019784433123992477
65 0.019784433123992477
78 0.019784433123992477
89 0.019784433123992477
110 0.019784433123992477
128 0.019784433123992477
148 0.019784433123992477
160 0.019784433123992477
173 0.019784433123992477
185 0.019784433123992477
204 0.019784433123992477
222 0.019784433123992477
232 0.019784433123992477
248 0.019784433123992477
29 0.028099629654366264
53 0.028099629654366264
66 0.028099629654366264
84 0.028099629654366264
106 0.028099629654366264
132 0.028099629654366264
153 0.028099629654366264
171 0.028099629654366264
187 0.028099629654366264
215 0.028099629654366264
231 0.028099629654366264
23 0.0351723255537644
53 0.0351723255537644
70 0.0351723255537644
93 0.0351723255537644
127 0.0351723255537644
153 0.0351723255537644
175 0.0351723255537644
200 0.0351723255537644
226 0.0351723255537644
29 0.04440506101162809
59 0.04440506101162809
84 0.04440506101162809
120 0.04440506101162809
153 0.04440506101162809
178 0.04440506101162809
215 0.04440506101162809
238 0.04440506101162809
54 0.04870014307444302
81 0.04870014307444302
123 0.04870014307444302
160 0.04870014307444302
191 0.04870014307444302
227 0.04870014307444302
40 0.06130828288225421
75 0.06130828288225421
120 0.06130828288225421
163 0.06130828288225421
200 0.06130828288225421
238 0.06130828288225421
65 0.06528862930917564
110 0.06528862930917564
160 0.06528862930917564
204 0.06528862930917564
248 0.06528862930917564
70 0.08518297595052461
127 0.08518297595052461
175 0.08518297595052461
226 0.08518297595052461
78 0.0791377324959699
140 0.0791377324959699
191 0.0791377324959699
248 0.0791377324959699
84 0.10551151512006136
153 0.10551151512006136
215 0.10551151512006136
62 0.10551697666129321
132 0.10551697666129321
193 0.10551697666129321
66 0.11583193752081312
144 0.11583193752081312
215 0.11583193752081312
70 0.13761172372910585
153 0.13761172372910585
226 0.13761172372910585
120 0.14713987891741215
200 0.14713987891741215
79 0.1582754649919398
171 0.1582754649919398
84 0.1939424013738115
178 0.1939424013738115
88 0.1582754649919398
187 0.1582754649919398
93 0.26491547106970215
200 0.26491547106970215
160 0.23386214538873706
106 0.2418097381821376
223 0.2418097381821376
173 0.21103395332258643
120 0.3018001346142543
238 0.3018001346142543
185 0.33413709276076603
193 0.37590422935587126
204 0.35908746120047264
215 0.4194615961500394
222 0.3165509299838796
226 0.484224000709746
232 0.3165509299838796
238 0.4414196367522428
248 0.36601201279387263
175 0.7169743285959868
182 0.6331018599677593
193 0.7584032697530749
208 0.6331018599677593
221 0.6331018599677593
226 0.8909589716838429
233 0.6331018599677593
244 0.6818020030422139
