3 0.006460223060895486
7 0.006460223060895486
8 0.006460223060895486
11 0.006460223060895486
14 0.006460223060895486
16 0.006460223060895486
19 0.006460223060895486
20 0.006460223060895486
48 0.006460223060895486
49 0.006460223060895486
53 0.006460223060895486
54 0.006460223060895486
56 0.006460223060895486
58 0.006460223060895486
59 0.006460223060895486
61 0.006460223060895486
79 0.006460223060895486
81 0.006460223060895486
84 0.006460223060895486
86 0.006460223060895486
88 0.006460223060895486
89 0.006460223060895486
93 0.006460223060895486
97 0.006460223060895486
127 0.006460223060895486
128 0.006460223060895486
132 0.006460223060895486
134 0.006460223060895486
137 0.006460223060895486
140 0.006460223060895486
144 0.006460223060895486
148 0.006460223060895486
169 0.006460223060895486
170 0.006460223060895486
171 0.006460223060895486
173 0.006460223060895486
175 0.006460223060895486
177 0.006460223060895486
178 0.006460223060895486
181 0.006460223060895486
208 0.006460223060895486
211 0.006460223060895486
215 0.006460223060895486
218 0.006460223060895486
221 0.006460223060895486
222 0.006460223060895486
223 0.006460223060895486
225 0.006460223060895486
8 0.013189622082661652
14 0.013189622082661652
19 0.013189622082661652
23 0.013189622082661652
29 0.013189622082661652
33 0.013189622082661652
40 0.013189622082661652
244 0.006460223060895486
79 0.013189622082661652
84 0.013189622082661652
88 0.013189622082661652
93 0.013189622082661652
101 0.013189622082661652
106 0.013189622082661652
113 0.013189622082661652
120 0.013189622082661652
169 0.013189622082661652
171 0.013189622082661652
175 0.013189622082661652
178 0.013189622082661652
182 0.013189622082661652
187 0.013189622082661652
193 0.013189622082661652
200 0.013189622082661652
14 0.019784433123992477
20 0.019784433123992477
29 0.019784433123992477
36 0.019784433123992477
48 0.019784433123992477
54 0.019784433123992477
59 0.019784433123992477
244 0.013189622082661652
128 0.019784433123992477
137 0.019784433123992477
148 0.019784433123992477
153 0.019784433123992477
160 0.019784433123992477
169 0.019784433123992477
173 0.019784433123992477
178 0.019784433123992477
19 0.028099629654366264
29 0.028099629654366264
40 0.028099629654366264
53 0.028099629654366264
59 0.028099629654366264
66 0.028099629654366264
75 0.028099629654366264
248 0.019784433123992477
171 0.028099629654366264
178 0.028099629654366264
187 0.028099629654366264
200 0.028099629654366264
215 0.028099629654366264
223 0.028099629654366264
231 0.028099629654366264
238 0.028099629654366264
127 0.0351723255537644
140 0.0351723255537644
153 0.0351723255537644
166 0.0351723255537644
175 0.0351723255537644
185 0.0351723255537644
200 0.0351723255537644
218 0.0351723255537644
120 0.04440506101162809
137 0.04440506101162809
153 0.04440506101162809
169 0.04440506101162809
178 0.04440506101162809
193 0.04440506101162809
215 0.04440506101162809
226 0.04440506101162809
40 0.06130828288225421
59 0.06130828288225421
160 0.04870014307444302
175 0.04870014307444302
191 0.04870014307444302
215 0.04870014307444302
227 0.04870014307444302
244 0.04870014307444302
48 0.06528862930917564
65 0.06528862930917564
84 0.06528862930917564
110 0.06528862930917564
137 0.06528862930917564
160 0.06528862930917564
178 0.06528862930917564
238 0.06130828288225421
56 0.0791377324959699
78 0.0791377324959699
106 0.0791377324959699
140 0.0791377324959699
169 0.0791377324959699
175 0.08518297595052461
200 0.08518297595052461
226 0.08518297595052461
62 0.10551697666129321
89 0.10551697666129321
132 0.10551697666129321
166 0.10551697666129321
193 0.10551697666129321
215 0.10551151512006136
227 0.10551697666129321
238 0.10551151512006136
75 0.14713987891741215
120 0.14713987891741215
153 0.13761172372910585
163 0.14713987891741215
185 0.13761172372910585
200 0.14713987891741215
226 0.13761172372910585
238 0.14713987891741215
88 0.1582754649919398
93 0.26491547106970215
101 0.23386214538873706
148 0.1582754649919398
153 0.26491547106970215
187 0.1582754649919398
200 0.26491547106970215
235 0.1582754649919398
120 0.3018001346142543
127 0.33413709276076603
132 0.37590422935587126
137 0.35908746120047264
178 0.3018001346142543
185 0.33413709276076603
193 0.37590422935587126
238 0.3018001346142543
163 0.4414196367522428
169 0.36601201279387263
171 0.8045669470424017
175 0.7169743285959868
178 1.1033231516435047
232 0.3165509299838796
238 0.4414196367522428
248 0.36601201279387263
226 0.8909589716838429
231 0.8573254353730609
233 0.6331018599677593
238 1.3543404173744302
244 0.6818020030422139
