8 0.013189622082661652
14 0.013189622082661652
19 0.013189622082661652
23 0.013189622082661652
29 0.013189622082661652
33 0.013189622082661652
40 0.013189622082661652
48 0.013189622082661652
53 0.013189622082661652
56 0.013189622082661652
59 0.013189622082661652
62 0.013189622082661652
66 0.013189622082661652
70 0.013189622082661652
75 0.013189622082661652
79 0.013189622082661652
84 0.013189622082661652
88 0.013189622082661652
93 0.013189622082661652
101 0.013189622082661652
106 0.013189622082661652
113 0.013189622082661652
120 0.013189622082661652
127 0.013189622082661652
132 0.013189622082661652
137 0.013189622082661652
144 0.013189622082661652
149 0.013189622082661652
153 0.013189622082661652
158 0.013189622082661652
163 0.013189622082661652
169 0.006460223060895486
170 0.006460223060895486
171 0.006460223060895486
173 0.006460223060895486
175 0.006460223060895486
177 0.006460223060895486
178 0.006460223060895486
181 0.006460223060895486
182 0.006460223060895486
185 0.006460223060895486
187 0.006460223060895486
191 0.006460223060895486
193 0.006460223060895486
196 0.006460223060895486
200 0.006460223060895486
204 0.006460223060895486
208 0.006460223060895486
211 0.006460223060895486
215 0.006460223060895486
218 0.006460223060895486
221 0.006460223060895486
222 0.006460223060895486
223 0.006460223060895486
225 0.006460223060895486
226 0.006460223060895486
227 0.006460223060895486
231 0.006460223060895486
232 0.006460223060895486
233 0.006460223060895486
235 0.006460223060895486
238 0.006460223060895486
240 0.006460223060895486
244 0.006460223060895486
23 0.0351723255537644
29 0.04440506101162809
33 0.04870014307444302
36 0.0351723255537644
40 0.06130828288225421
48 0.04440506101162809
53 0.0351723255537644
54 0.04870014307444302
59 0.04440506101162809
59 0.06130828288225421
61 0.0351723255537644
66 0.04870014307444302
70 0.0351723255537644
70 0.04440506101162809
75 0.06130828288225421
81 0.0351723255537644
81 0.04870014307444302
84 0.04440506101162809
93 0.0351723255537644
93 0.06130828288225421
101 0.04440506101162809
101 0.04870014307444302
110 0.0351723255537644
120 0.04440506101162809
120 0.06130828288225421
123 0.04870014307444302
127 0.0351723255537644
137 0.04440506101162809
140 0.0351723255537644
144 0.04870014307444302
144 0.06130828288225421
153 0.0351723255537644
153 0.04440506101162809
160 0.04870014307444302
163 0.06130828288225421
166 0.0351723255537644
169 0.04440506101162809
171 0.028099629654366264
175 0.0351723255537644
175 0.04870014307444302
178 0.028099629654366264
178 0.04440506101162809
178 0.06130828288225421
185 0.0351723255537644
187 0.028099629654366264
191 0.04870014307444302
193 0.04440506101162809
200 0.028099629654366264
200 0.0351723255537644
200 0.06130828288225421
215 0.028099629654366264
215 0.04440506101162809
215 0.04870014307444302
218 0.0351723255537644
223 0.028099629654366264
223 0.06130828288225421
226 0.0351723255537644
226 0.04440506101162809
227 0.04870014307444302
231 0.028099629654366264
235 0.0351723255537644
238 0.028099629654366264
238 0.04440506101162809
244 0.04870014307444302
88 0.1582754649919398
93 0.26491547106970215
101 0.23386214538873706
106 0.2418097381821376
113 0.21103395332258643
120 0.3018001346142543
127 0.33413709276076603
132 0.37590422935587126
137 0.35908746120047264
144 0.4194615961500394
148 0.1582754649919398
149 0.3165509299838796
153 0.26491547106970215
153 0.484224000709746
158 0.3165509299838796
160 0.23386214538873706
163 0.4414196367522428
169 0.2418097381821376
169 0.36601201279387263
171 0.8045669470424017
173 0.21103395332258643
175 0.7169743285959868
178 0.3018001346142543
178 1.1033231516435047
182 0.6331018599677593
185 0.33413709276076603
187 0.1582754649919398
187 0.8045669470424017
193 0.37590422935587126
193 0.7584032697530749
200 0.26491547106970215
200 1.1209701671610777
204 0.35908746120047264
208 0.6331018599677593
215 0.23386214538873706
215 0.4194615961500394
215 1.1088752021701036
221 0.6331018599677593
222 0.3165509299838796
223 0.2418097381821376
223 0.9953385823829416
226 0.484224000709746
226 0.8909589716838429
231 0.21103395332258643
231 0.8573254353730609
232 0.3165509299838796
233 0.6331018599677593
235 0.1582754649919398
238 0.3018001346142543
238 0.4414196367522428
238 1.3543404173744302
244 0.6818020030422139
248 0.36601201279387263
