48 0.006460223060895486
49 0.006460223060895486
53 0.006460223060895486
54 0.006460223060895486
56 0.006460223060895486
58 0.006460223060895486
59 0.006460223060895486
61 0.006460223060895486
62 0.006460223060895486
65 0.006460223060895486
66 0.006460223060895486
67 0.006460223060895486
70 0.006460223060895486
71 0.006460223060895486
75 0.006460223060895486
78 0.006460223060895486
127 0.006460223060895486
128 0.006460223060895486
132 0.006460223060895486
134 0.006460223060895486
137 0.006460223060895486
140 0.006460223060895486
144 0.006460223060895486
148 0.006460223060895486
149 0.006460223060895486
152 0.006460223060895486
153 0.006460223060895486
154 0.006460223060895486
158 0.006460223060895486
160 0.006460223060895486
163 0.006460223060895486
166 0.006460223060895486
208 0.006460223060895486
211 0.006460223060895486
215 0.006460223060895486
218 0.006460223060895486
221 0.006460223060895486
222 0.006460223060895486
223 0.006460223060895486
225 0.006460223060895486
226 0.006460223060895486
227 0.006460223060895486
231 0.006460223060895486
232 0.006460223060895486
233 0.006460223060895486
235 0.006460223060895486
238 0.006460223060895486
240 0.006460223060895486
79 0.013189622082661652
84 0.013189622082661652
88 0.013189622082661652
93 0.013189622082661652
101 0.013189622082661652
106 0.013189622082661652
113 0.013189622082661652
120 0.013189622082661652
127 0.013189622082661652
132 0.013189622082661652
137 0.013189622082661652
144 0.013189622082661652
149 0.013189622082661652
153 0.013189622082661652
158 0.013189622082661652
163 0.013189622082661652
14 0.019784433123992477
20 0.019784433123992477
29 0.019784433123992477
36 0.019784433123992477
48 0.019784433123992477
54 0.019784433123992477
59 0.019784433123992477
65 0.019784433123992477
70 0.019784433123992477
78 0.019784433123992477
84 0.019784433123992477
89 0.019784433123992477
101 0.019784433123992477
110 0.019784433123992477
120 0.019784433123992477
244 0.013189622082661652
19 0.028099629654366264
29 0.028099629654366264
40 0.028099629654366264
53 0.028099629654366264
59 0.028099629654366264
66 0.028099629654366264
75 0.028099629654366264
84 0.028099629654366264
93 0.028099629654366264
106 0.028099629654366264
120 0.028099629654366264
132 0.028099629654366264
144 0.028099629654366264
153 0.028099629654366264
163 0.028099629654366264
248 0.019784433123992477
29 0.04440506101162809
48 0.04440506101162809
59 0.04440506101162809
70 0.04440506101162809
84 0.04440506101162809
101 0.04440506101162809
127 0.0351723255537644
140 0.0351723255537644
153 0.0351723255537644
166 0.0351723255537644
175 0.0351723255537644
185 0.0351723255537644
200 0.0351723255537644
218 0.0351723255537644
226 0.0351723255537644
235 0.0351723255537644
40 0.06130828288225421
59 0.06130828288225421
75 0.06130828288225421
93 0.06130828288225421
120 0.06130828288225421
144 0.06130828288225421
160 0.04870014307444302
163 0.06130828288225421
175 0.04870014307444302
178 0.06130828288225421
191 0.04870014307444302
200 0.06130828288225421
215 0.04870014307444302
223 0.06130828288225421
227 0.04870014307444302
244 0.04870014307444302
56 0.0791377324959699
59 0.10551151512006136
78 0.0791377324959699
84 0.10551151512006136
106 0.0791377324959699
120 0.10551151512006136
140 0.0791377324959699
153 0.10551151512006136
169 0.0791377324959699
175 0.08518297595052461
178 0.10551151512006136
191 0.0791377324959699
200 0.08518297595052461
223 0.0791377324959699
226 0.08518297595052461
248 0.0791377324959699
75 0.14713987891741215
79 0.1582754649919398
84 0.1939424013738115
120 0.14713987891741215
128 0.1582754649919398
137 0.1939424013738115
153 0.13761172372910585
163 0.14713987891741215
171 0.1582754649919398
178 0.1939424013738115
185 0.13761172372910585
200 0.14713987891741215
218 0.1582754649919398
226 0.13761172372910585
226 0.1939424013738115
238 0.14713987891741215
120 0.3018001346142543
127 0.33413709276076603
132 0.37590422935587126
137 0.35908746120047264
144 0.4194615961500394
149 0.3165509299838796
153 0.484224000709746
158 0.3165509299838796
178 0.3018001346142543
185 0.33413709276076603
193 0.37590422935587126
204 0.35908746120047264
215 0.4194615961500394
222 0.3165509299838796
226 0.484224000709746
238 0.3018001346142543
226 0.8909589716838429
231 0.8573254353730609
233 0.6331018599677593
238 1.3543404173744302
244 0.6818020030422139
