3 0.006460223060895486
7 0.006460223060895486
14 0.006460223060895486
16 0.006460223060895486
23 0.006460223060895486
27 0.006460223060895486
33 0.006460223060895486
36 0.006460223060895486
48 0.006460223060895486
49 0.006460223060895486
56 0.006460223060895486
58 0.006460223060895486
62 0.006460223060895486
65 0.006460223060895486
70 0.006460223060895486
71 0.006460223060895486
79 0.006460223060895486
81 0.006460223060895486
88 0.006460223060895486
89 0.006460223060895486
101 0.006460223060895486
104 0.006460223060895486
113 0.006460223060895486
117 0.006460223060895486
127 0.006460223060895486
128 0.006460223060895486
137 0.006460223060895486
140 0.006460223060895486
149 0.006460223060895486
152 0.006460223060895486
158 0.006460223060895486
160 0.006460223060895486
169 0.006460223060895486
170 0.006460223060895486
175 0.006460223060895486
177 0.006460223060895486
182 0.006460223060895486
185 0.006460223060895486
193 0.006460223060895486
196 0.006460223060895486
208 0.006460223060895486
211 0.006460223060895486
221 0.006460223060895486
222 0.006460223060895486
226 0.006460223060895486
227 0.006460223060895486
233 0.006460223060895486
235 0.006460223060895486
8 0.013189622082661652
244 0.006460223060895486
23 0.013189622082661652
29 0.013189622082661652
48 0.013189622082661652
53 0.013189622082661652
62 0.013189622082661652
66 0.013189622082661652
79 0.013189622082661652
84 0.013189622082661652
101 0.013189622082661652
106 0.013189622082661652
127 0.013189622082661652
132 0.013189622082661652
149 0.013189622082661652
153 0.013189622082661652
169 0.013189622082661652
171 0.013189622082661652
182 0.013189622082661652
187 0.013189622082661652
208 0.013189622082661652
215 0.013189622082661652
226 0.013189622082661652
231 0.013189622082661652
14 0.019784433123992477
244 0.013189622082661652
36 0.019784433123992477
48 0.019784433123992477
65 0.019784433123992477
70 0.019784433123992477
89 0.019784433123992477
101 0.019784433123992477
128 0.019784433123992477
137 0.019784433123992477
160 0.019784433123992477
169 0.019784433123992477
185 0.019784433123992477
193 0.019784433123992477
222 0.019784433123992477
226 0.019784433123992477
19 0.028099629654366264
248 0.019784433123992477
53 0.028099629654366264
59 0.028099629654366264
84 0.028099629654366264
93 0.028099629654366264
132 0.028099629654366264
144 0.028099629654366264
171 0.028099629654366264
178 0.028099629654366264
215 0.028099629654366264
223 0.028099629654366264
23 0.0351723255537644
36 0.0351723255537644
70 0.0351723255537644
81 0.0351723255537644
127 0.0351723255537644
140 0.0351723255537644
175 0.0351723255537644
185 0.0351723255537644
226 0.0351723255537644
235 0.0351723255537644
59 0.04440506101162809
70 0.04440506101162809
120 0.04440506101162809
137 0.04440506101162809
178 0.04440506101162809
193 0.04440506101162809
33 0.04870014307444302
238 0.04440506101162809
81 0.04870014307444302
101 0.04870014307444302
160 0.04870014307444302
175 0.04870014307444302
227 0.04870014307444302
244 0.04870014307444302
75 0.06130828288225421
93 0.06130828288225421
163 0.06130828288225421
178 0.06130828288225421
48 0.06528862930917564
238 0.06130828288225421
110 0.06528862930917564
137 0.06528862930917564
204 0.06528862930917564
226 0.06528862930917564
70 0.08518297595052461
93 0.08518297595052461
175 0.08518297595052461
200 0.08518297595052461
78 0.0791377324959699
106 0.0791377324959699
191 0.0791377324959699
223 0.0791377324959699
84 0.10551151512006136
120 0.10551151512006136
215 0.10551151512006136
238 0.10551151512006136
132 0.10551697666129321
166 0.10551697666129321
66 0.11583193752081312
101 0.11583193752081312
215 0.11583193752081312
244 0.11583193752081312
153 0.13761172372910585
185 0.13761172372910585
120 0.14713987891741215
163 0.14713987891741215
79 0.1582754649919398
128 0.1582754649919398
84 0.1939424013738115
137 0.1939424013738115
88 0.1582754649919398
148 0.1582754649919398
93 0.26491547106970215
153 0.26491547106970215
160 0.23386214538873706
215 0.23386214538873706
113 0.21103395332258643
223 0.2418097381821376
120 0.3018001346142543
178 0.3018001346142543
132 0.37590422935587126
185 0.33413709276076603
144 0.4194615961500394
204 0.35908746120047264
153 0.484224000709746
222 0.3165509299838796
163 0.4414196367522428
232 0.3165509299838796
171 0.8045669470424017
248 0.36601201279387263
182 0.6331018599677593
187 0.8045669470424017
208 0.6331018599677593
215 1.1088752021701036
226 0.8909589716838429
231 0.8573254353730609
244 0.6818020030422139
