3 0.006460223060895486
7 0.006460223060895486
8 0.006460223060895486
11 0.006460223060895486
23 0.006460223060895486
27 0.006460223060895486
29 0.006460223060895486
31 0.006460223060895486
48 0.006460223060895486
49 0.006460223060895486
53 0.006460223060895486
54 0.006460223060895486
62 0.006460223060895486
65 0.006460223060895486
66 0.006460223060895486
67 0.006460223060895486
79 0.006460223060895486
81 0.006460223060895486
84 0.006460223060895486
86 0.006460223060895486
101 0.006460223060895486
104 0.006460223060895486
106 0.006460223060895486
110 0.006460223060895486
127 0.006460223060895486
128 0.006460223060895486
132 0.006460223060895486
134 0.006460223060895486
149 0.006460223060895486
152 0.006460223060895486
153 0.006460223060895486
154 0.006460223060895486
169 0.006460223060895486
170 0.006460223060895486
171 0.006460223060895486
173 0.006460223060895486
182 0.006460223060895486
185 0.006460223060895486
187 0.006460223060895486
191 0.006460223060895486
208 0.006460223060895486
211 0.006460223060895486
215 0.006460223060895486
218 0.006460223060895486
226 0.006460223060895486
227 0.006460223060895486
231 0.006460223060895486
232 0.006460223060895486
8 0.013189622082661652
14 0.013189622082661652
19 0.013189622082661652
244 0.006460223060895486
48 0.013189622082661652
53 0.013189622082661652
56 0.013189622082661652
59 0.013189622082661652
79 0.013189622082661652
84 0.013189622082661652
88 0.013189622082661652
93 0.013189622082661652
127 0.013189622082661652
132 0.013189622082661652
137 0.013189622082661652
144 0.013189622082661652
169 0.013189622082661652
171 0.013189622082661652
175 0.013189622082661652
178 0.013189622082661652
208 0.013189622082661652
215 0.013189622082661652
221 0.013189622082661652
223 0.013189622082661652
14 0.019784433123992477
20 0.019784433123992477
29 0.019784433123992477
244 0.013189622082661652
65 0.019784433123992477
70 0.019784433123992477
78 0.019784433123992477
84 0.019784433123992477
128 0.019784433123992477
137 0.019784433123992477
148 0.019784433123992477
153 0.019784433123992477
185 0.019784433123992477
193 0.019784433123992477
204 0.019784433123992477
215 0.019784433123992477
19 0.028099629654366264
29 0.028099629654366264
40 0.028099629654366264
248 0.019784433123992477
84 0.028099629654366264
93 0.028099629654366264
106 0.028099629654366264
120 0.028099629654366264
171 0.028099629654366264
178 0.028099629654366264
187 0.028099629654366264
200 0.028099629654366264
23 0.0351723255537644
36 0.0351723255537644
53 0.0351723255537644
61 0.0351723255537644
127 0.0351723255537644
140 0.0351723255537644
153 0.0351723255537644
166 0.0351723255537644
29 0.04440506101162809
48 0.04440506101162809
226 0.0351723255537644
235 0.0351723255537644
120 0.04440506101162809
137 0.04440506101162809
153 0.04440506101162809
169 0.04440506101162809
33 0.04870014307444302
54 0.04870014307444302
66 0.04870014307444302
238 0.04440506101162809
160 0.04870014307444302
175 0.04870014307444302
191 0.04870014307444302
215 0.04870014307444302
75 0.06130828288225421
93 0.06130828288225421
120 0.06130828288225421
144 0.06130828288225421
48 0.06528862930917564
65 0.06528862930917564
84 0.06528862930917564
238 0.06130828288225421
53 0.08518297595052461
204 0.06528862930917564
226 0.06528862930917564
248 0.06528862930917564
56 0.0791377324959699
175 0.08518297595052461
200 0.08518297595052461
226 0.08518297595052461
59 0.10551151512006136
191 0.0791377324959699
223 0.0791377324959699
248 0.0791377324959699
62 0.10551697666129321
89 0.10551697666129321
215 0.10551151512006136
238 0.10551151512006136
66 0.11583193752081312
101 0.11583193752081312
144 0.11583193752081312
175 0.11583193752081312
75 0.14713987891741215
153 0.13761172372910585
185 0.13761172372910585
226 0.13761172372910585
79 0.1582754649919398
128 0.1582754649919398
171 0.1582754649919398
218 0.1582754649919398
88 0.1582754649919398
148 0.1582754649919398
187 0.1582754649919398
235 0.1582754649919398
106 0.2418097381821376
160 0.23386214538873706
169 0.2418097381821376
215 0.23386214538873706
120 0.3018001346142543
127 0.33413709276076603
178 0.3018001346142543
238 0.3018001346142543
144 0.4194615961500394
149 0.3165509299838796
204 0.35908746120047264
215 0.4194615961500394
163 0.4414196367522428
169 0.36601201279387263
232 0.3165509299838796
238 0.4414196367522428
182 0.6331018599677593
187 0.8045669470424017
193 0.7584032697530749
200 1.1209701671610777
226 0.8909589716838429
231 0.8573254353730609
233 0.6331018599677593
238 1.3543404173744302
