79 0.006460223060895486
81 0.006460223060895486
84 0.006460223060895486
86 0.006460223060895486
88 0.006460223060895486
89 0.006460223060895486
93 0.006460223060895486
97 0.006460223060895486
101 0.006460223060895486
104 0.006460223060895486
106 0.006460223060895486
110 0.006460223060895486
113 0.006460223060895486
117 0.006460223060895486
120 0.006460223060895486
123 0.006460223060895486
127 0.006460223060895486
128 0.006460223060895486
132 0.006460223060895486
134 0.006460223060895486
137 0.006460223060895486
140 0.006460223060895486
144 0.006460223060895486
148 0.006460223060895486
149 0.006460223060895486
152 0.006460223060895486
153 0.006460223060895486
154 0.006460223060895486
158 0.006460223060895486
160 0.006460223060895486
163 0.006460223060895486
166 0.006460223060895486
8 0.013189622082661652
14 0.013189622082661652
19 0.013189622082661652
23 0.013189622082661652
29 0.013189622082661652
33 0.013189622082661652
40 0.013189622082661652
48 0.013189622082661652
53 0.013189622082661652
56 0.013189622082661652
59 0.013189622082661652
62 0.013189622082661652
66 0.013189622082661652
70 0.013189622082661652
75 0.013189622082661652
79 0.013189622082661652
84 0.013189622082661652
88 0.013189622082661652
93 0.013189622082661652
101 0.013189622082661652
106 0.013189622082661652
113 0.013189622082661652
120 0.013189622082661652
127 0.013189622082661652
132 0.013189622082661652
137 0.013189622082661652
144 0.013189622082661652
149 0.013189622082661652
153 0.013189622082661652
158 0.013189622082661652
163 0.013189622082661652
244 0.006460223060895486
19 0.028099629654366264
29 0.028099629654366264
40 0.028099629654366264
53 0.028099629654366264
59 0.028099629654366264
66 0.028099629654366264
75 0.028099629654366264
84 0.028099629654366264
93 0.028099629654366264
106 0.028099629654366264
120 0.028099629654366264
128 0.019784433123992477
132 0.028099629654366264
137 0.019784433123992477
144 0.028099629654366264
148 0.019784433123992477
153 0.019784433123992477
153 0.028099629654366264
160 0.019784433123992477
163 0.028099629654366264
169 0.019784433123992477
173 0.019784433123992477
178 0.019784433123992477
185 0.019784433123992477
193 0.019784433123992477
204 0.019784433123992477
215 0.019784433123992477
222 0.019784433123992477
226 0.019784433123992477
232 0.019784433123992477
238 0.019784433123992477
248 0.019784433123992477
33 0.04870014307444302
40 0.06130828288225421
54 0.04870014307444302
59 0.06130828288225421
66 0.04870014307444302
75 0.06130828288225421
81 0.04870014307444302
93 0.06130828288225421
101 0.04870014307444302
120 0.04440506101162809
120 0.06130828288225421
123 0.04870014307444302
137 0.04440506101162809
144 0.04870014307444302
144 0.06130828288225421
153 0.04440506101162809
160 0.04870014307444302
163 0.06130828288225421
169 0.04440506101162809
175 0.04870014307444302
178 0.04440506101162809
178 0.06130828288225421
191 0.04870014307444302
193 0.04440506101162809
200 0.06130828288225421
215 0.04440506101162809
215 0.04870014307444302
223 0.06130828288225421
226 0.04440506101162809
227 0.04870014307444302
238 0.04440506101162809
244 0.04870014307444302
62 0.10551697666129321
66 0.11583193752081312
70 0.13761172372910585
75 0.14713987891741215
79 0.1582754649919398
84 0.1939424013738115
89 0.10551697666129321
101 0.11583193752081312
110 0.13761172372910585
120 0.14713987891741215
128 0.1582754649919398
132 0.10551697666129321
137 0.1939424013738115
144 0.11583193752081312
153 0.13761172372910585
163 0.14713987891741215
166 0.10551697666129321
171 0.1582754649919398
175 0.11583193752081312
178 0.1939424013738115
185 0.13761172372910585
193 0.10551697666129321
200 0.14713987891741215
215 0.10551151512006136
215 0.11583193752081312
218 0.1582754649919398
226 0.13761172372910585
226 0.1939424013738115
227 0.10551697666129321
238 0.10551151512006136
238 0.14713987891741215
244 0.11583193752081312
163 0.4414196367522428
169 0.36601201279387263
171 0.8045669470424017
175 0.7169743285959868
178 1.1033231516435047
182 0.6331018599677593
187 0.8045669470424017
193 0.7584032697530749
200 1.1209701671610777
208 0.6331018599677593
215 1.1088752021701036
221 0.6331018599677593
223 0.9953385823829416
226 0.8909589716838429
231 0.8573254353730609
232 0.3165509299838796
233 0.6331018599677593
238 0.4414196367522428
238 1.3543404173744302
244 0.6818020030422139
248 0.36601201279387263
