3 0.006460223060895486
7 0.006460223060895486
8 0.006460223060895486
11 0.006460223060895486
14 0.006460223060895486
16 0.006460223060895486
19 0.006460223060895486
20 0.006460223060895486
23 0.006460223060895486
27 0.006460223060895486
29 0.006460223060895486
31 0.006460223060895486
33 0.006460223060895486
36 0.006460223060895486
40 0.006460223060895486
44 0.006460223060895486
79 0.006460223060895486
81 0.006460223060895486
84 0.006460223060895486
86 0.006460223060895486
88 0.006460223060895486
89 0.006460223060895486
93 0.006460223060895486
97 0.006460223060895486
101 0.006460223060895486
104 0.006460223060895486
106 0.006460223060895486
110 0.006460223060895486
113 0.006460223060895486
117 0.006460223060895486
120 0.006460223060895486
123 0.006460223060895486
169 0.006460223060895486
170 0.006460223060895486
171 0.006460223060895486
173 0.006460223060895486
175 0.006460223060895486
177 0.006460223060895486
178 0.006460223060895486
181 0.006460223060895486
182 0.006460223060895486
185 0.006460223060895486
187 0.006460223060895486
191 0.006460223060895486
193 0.006460223060895486
196 0.006460223060895486
200 0.006460223060895486
204 0.006460223060895486
8 0.013189622082661652
14 0.013189622082661652
19 0.013189622082661652
23 0.013189622082661652
29 0.013189622082661652
33 0.013189622082661652
40 0.013189622082661652
48 0.013189622082661652
53 0.013189622082661652
56 0.013189622082661652
59 0.013189622082661652
62 0.013189622082661652
66 0.013189622082661652
70 0.013189622082661652
75 0.013189622082661652
244 0.006460223060895486
169 0.013189622082661652
171 0.013189622082661652
175 0.013189622082661652
178 0.013189622082661652
182 0.013189622082661652
187 0.013189622082661652
193 0.013189622082661652
200 0.013189622082661652
208 0.013189622082661652
215 0.013189622082661652
221 0.013189622082661652
223 0.013189622082661652
226 0.013189622082661652
231 0.013189622082661652
233 0.013189622082661652
238 0.013189622082661652
128 0.019784433123992477
137 0.019784433123992477
148 0.019784433123992477
153 0.019784433123992477
160 0.019784433123992477
169 0.019784433123992477
173 0.019784433123992477
178 0.019784433123992477
185 0.019784433123992477
193 0.019784433123992477
204 0.019784433123992477
215 0.019784433123992477
222 0.019784433123992477
226 0.019784433123992477
232 0.019784433123992477
238 0.019784433123992477
23 0.0351723255537644
36 0.0351723255537644
53 0.0351723255537644
61 0.0351723255537644
70 0.0351723255537644
81 0.0351723255537644
93 0.0351723255537644
110 0.0351723255537644
171 0.028099629654366264
178 0.028099629654366264
187 0.028099629654366264
200 0.028099629654366264
215 0.028099629654366264
223 0.028099629654366264
231 0.028099629654366264
238 0.028099629654366264
33 0.04870014307444302
54 0.04870014307444302
66 0.04870014307444302
81 0.04870014307444302
101 0.04870014307444302
120 0.04440506101162809
123 0.04870014307444302
137 0.04440506101162809
144 0.04870014307444302
153 0.04440506101162809
169 0.04440506101162809
178 0.04440506101162809
193 0.04440506101162809
215 0.04440506101162809
226 0.04440506101162809
238 0.04440506101162809
48 0.06528862930917564
53 0.08518297595052461
65 0.06528862930917564
70 0.08518297595052461
84 0.06528862930917564
93 0.08518297595052461
110 0.06528862930917564
127 0.08518297595052461
137 0.06528862930917564
153 0.08518297595052461
160 0.06528862930917564
178 0.06528862930917564
204 0.06528862930917564
226 0.06528862930917564
238 0.06130828288225421
248 0.06528862930917564
62 0.10551697666129321
66 0.11583193752081312
70 0.13761172372910585
89 0.10551697666129321
101 0.11583193752081312
110 0.13761172372910585
132 0.10551697666129321
144 0.11583193752081312
166 0.10551697666129321
175 0.11583193752081312
193 0.10551697666129321
215 0.10551151512006136
215 0.11583193752081312
227 0.10551697666129321
238 0.10551151512006136
244 0.11583193752081312
88 0.1582754649919398
93 0.26491547106970215
101 0.23386214538873706
106 0.2418097381821376
113 0.21103395332258643
148 0.1582754649919398
153 0.26491547106970215
160 0.23386214538873706
169 0.2418097381821376
173 0.21103395332258643
187 0.1582754649919398
200 0.26491547106970215
215 0.23386214538873706
223 0.2418097381821376
231 0.21103395332258643
235 0.1582754649919398
163 0.4414196367522428
169 0.36601201279387263
171 0.8045669470424017
175 0.7169743285959868
178 1.1033231516435047
182 0.6331018599677593
187 0.8045669470424017
193 0.7584032697530749
200 1.1209701671610777
208 0.6331018599677593
215 1.1088752021701036
221 0.6331018599677593
223 0.9953385823829416
232 0.3165509299838796
238 0.4414196367522428
248 0.36601201279387263
