7 0.006460223060895486
11 0.006460223060895486
16 0.006460223060895486
20 0.006460223060895486
27 0.006460223060895486
31 0.006460223060895486
36 0.006460223060895486
44 0.006460223060895486
49 0.006460223060895486
54 0.006460223060895486
58 0.006460223060895486
61 0.006460223060895486
65 0.006460223060895486
67 0.006460223060895486
71 0.006460223060895486
78 0.006460223060895486
81 0.006460223060895486
86 0.006460223060895486
89 0.006460223060895486
97 0.006460223060895486
104 0.006460223060895486
110 0.006460223060895486
117 0.006460223060895486
123 0.006460223060895486
128 0.006460223060895486
134 0.006460223060895486
140 0.006460223060895486
148 0.006460223060895486
152 0.006460223060895486
154 0.006460223060895486
160 0.006460223060895486
166 0.006460223060895486
170 0.006460223060895486
173 0.006460223060895486
177 0.006460223060895486
181 0.006460223060895486
185 0.006460223060895486
191 0.006460223060895486
196 0.006460223060895486
204 0.006460223060895486
211 0.006460223060895486
218 0.006460223060895486
222 0.006460223060895486
225 0.006460223060895486
227 0.006460223060895486
232 0.006460223060895486
235 0.006460223060895486
240 0.006460223060895486
8 0.013189622082661652
19 0.013189622082661652
29 0.013189622082661652
40 0.013189622082661652
53 0.013189622082661652
59 0.013189622082661652
66 0.013189622082661652
75 0.013189622082661652
84 0.013189622082661652
93 0.013189622082661652
106 0.013189622082661652
120 0.013189622082661652
132 0.013189622082661652
144 0.013189622082661652
153 0.013189622082661652
163 0.013189622082661652
171 0.013189622082661652
178 0.013189622082661652
187 0.013189622082661652
200 0.013189622082661652
215 0.013189622082661652
223 0.013189622082661652
231 0.013189622082661652
238 0.013189622082661652
14 0.019784433123992477
29 0.019784433123992477
48 0.019784433123992477
59 0.019784433123992477
70 0.019784433123992477
84 0.019784433123992477
101 0.019784433123992477
120 0.019784433123992477
137 0.019784433123992477
153 0.019784433123992477
169 0.019784433123992477
178 0.019784433123992477
193 0.019784433123992477
215 0.019784433123992477
226 0.019784433123992477
238 0.019784433123992477
19 0.028099629654366264
40 0.028099629654366264
59 0.028099629654366264
75 0.028099629654366264
93 0.028099629654366264
120 0.028099629654366264
144 0.028099629654366264
163 0.028099629654366264
178 0.028099629654366264
200 0.028099629654366264
223 0.028099629654366264
238 0.028099629654366264
36 0.0351723255537644
61 0.0351723255537644
81 0.0351723255537644
110 0.0351723255537644
140 0.0351723255537644
166 0.0351723255537644
185 0.0351723255537644
218 0.0351723255537644
235 0.0351723255537644
48 0.04440506101162809
70 0.04440506101162809
101 0.04440506101162809
137 0.04440506101162809
169 0.04440506101162809
193 0.04440506101162809
226 0.04440506101162809
33 0.04870014307444302
66 0.04870014307444302
101 0.04870014307444302
144 0.04870014307444302
175 0.04870014307444302
215 0.04870014307444302
244 0.04870014307444302
59 0.06130828288225421
93 0.06130828288225421
144 0.06130828288225421
178 0.06130828288225421
223 0.06130828288225421
48 0.06528862930917564
84 0.06528862930917564
137 0.06528862930917564
178 0.06528862930917564
226 0.06528862930917564
53 0.08518297595052461
93 0.08518297595052461
153 0.08518297595052461
200 0.08518297595052461
56 0.0791377324959699
106 0.0791377324959699
169 0.0791377324959699
223 0.0791377324959699
59 0.10551151512006136
120 0.10551151512006136
178 0.10551151512006136
238 0.10551151512006136
89 0.10551697666129321
166 0.10551697666129321
227 0.10551697666129321
101 0.11583193752081312
175 0.11583193752081312
244 0.11583193752081312
110 0.13761172372910585
185 0.13761172372910585
75 0.14713987891741215
163 0.14713987891741215
238 0.14713987891741215
128 0.1582754649919398
218 0.1582754649919398
137 0.1939424013738115
226 0.1939424013738115
148 0.1582754649919398
235 0.1582754649919398
153 0.26491547106970215
101 0.23386214538873706
215 0.23386214538873706
169 0.2418097381821376
113 0.21103395332258643
231 0.21103395332258643
178 0.3018001346142543
127 0.33413709276076603
132 0.37590422935587126
137 0.35908746120047264
144 0.4194615961500394
149 0.3165509299838796
153 0.484224000709746
158 0.3165509299838796
163 0.4414196367522428
169 0.36601201279387263
171 0.8045669470424017
178 1.1033231516435047
187 0.8045669470424017
200 1.1209701671610777
215 1.1088752021701036
223 0.9953385823829416
231 0.8573254353730609
238 1.3543404173744302
