3 0.006460223060895486
7 0.006460223060895486
8 0.006460223060895486
8 0.013189622082661652
11 0.006460223060895486
14 0.006460223060895486
14 0.013189622082661652
16 0.006460223060895486
19 0.006460223060895486
19 0.013189622082661652
20 0.006460223060895486
23 0.006460223060895486
23 0.013189622082661652
27 0.006460223060895486
29 0.006460223060895486
29 0.013189622082661652
31 0.006460223060895486
33 0.006460223060895486
33 0.013189622082661652
36 0.006460223060895486
40 0.006460223060895486
40 0.013189622082661652
44 0.006460223060895486
48 0.006460223060895486
48 0.013189622082661652
49 0.006460223060895486
53 0.006460223060895486
53 0.013189622082661652
54 0.006460223060895486
56 0.006460223060895486
56 0.013189622082661652
58 0.006460223060895486
59 0.006460223060895486
59 0.013189622082661652
61 0.006460223060895486
62 0.006460223060895486
62 0.013189622082661652
65 0.006460223060895486
66 0.006460223060895486
66 0.013189622082661652
67 0.006460223060895486
70 0.006460223060895486
70 0.013189622082661652
71 0.006460223060895486
75 0.006460223060895486
75 0.013189622082661652
78 0.006460223060895486
79 0.006460223060895486
79 0.013189622082661652
81 0.006460223060895486
84 0.006460223060895486
84 0.013189622082661652
86 0.006460223060895486
88 0.006460223060895486
88 0.013189622082661652
89 0.006460223060895486
93 0.006460223060895486
93 0.013189622082661652
97 0.006460223060895486
101 0.006460223060895486
101 0.013189622082661652
104 0.006460223060895486
106 0.006460223060895486
106 0.013189622082661652
110 0.006460223060895486
113 0.006460223060895486
113 0.013189622082661652
117 0.006460223060895486
120 0.006460223060895486
120 0.013189622082661652
123 0.006460223060895486
127 0.006460223060895486
127 0.013189622082661652
128 0.006460223060895486
132 0.006460223060895486
132 0.013189622082661652
134 0.006460223060895486
137 0.006460223060895486
137 0.013189622082661652
140 0.006460223060895486
144 0.006460223060895486
144 0.013189622082661652
148 0.006460223060895486
149 0.006460223060895486
149 0.013189622082661652
152 0.006460223060895486
153 0.006460223060895486
153 0.013189622082661652
154 0.006460223060895486
158 0.006460223060895486
158 0.013189622082661652
160 0.006460223060895486
163 0.006460223060895486
163 0.013189622082661652
166 0.006460223060895486
169 0.006460223060895486
170 0.006460223060895486
171 0.006460223060895486
173 0.006460223060895486
175 0.006460223060895486
177 0.006460223060895486
178 0.006460223060895486
181 0.006460223060895486
182 0.006460223060895486
185 0.006460223060895486
187 0.006460223060895486
191 0.006460223060895486
193 0.006460223060895486
196 0.006460223060895486
200 0.006460223060895486
204 0.006460223060895486
208 0.006460223060895486
211 0.006460223060895486
215 0.006460223060895486
218 0.006460223060895486
221 0.006460223060895486
222 0.006460223060895486
223 0.006460223060895486
225 0.006460223060895486
226 0.006460223060895486
227 0.006460223060895486
231 0.006460223060895486
232 0.006460223060895486
233 0.006460223060895486
235 0.006460223060895486
238 0.006460223060895486
240 0.006460223060895486
244 0.006460223060895486
48 0.06528862930917564
53 0.08518297595052461
56 0.0791377324959699
59 0.10551151512006136
62 0.10551697666129321
65 0.06528862930917564
66 0.11583193752081312
70 0.08518297595052461
70 0.13761172372910585
75 0.14713987891741215
78 0.0791377324959699
79 0.1582754649919398
84 0.06528862930917564
84 0.10551151512006136
84 0.1939424013738115
88 0.1582754649919398
89 0.10551697666129321
93 0.08518297595052461
93 0.26491547106970215
101 0.11583193752081312
101 0.23386214538873706
106 0.0791377324959699
106 0.2418097381821376
110 0.06528862930917564
110 0.13761172372910585
113 0.21103395332258643
120 0.10551151512006136
120 0.14713987891741215
120 0.3018001346142543
127 0.08518297595052461
127 0.33413709276076603
128 0.1582754649919398
132 0.10551697666129321
132 0.37590422935587126
137 0.06528862930917564
137 0.1939424013738115
137 0.35908746120047264
140 0.0791377324959699
144 0.11583193752081312
144 0.4194615961500394
148 0.1582754649919398
149 0.3165509299838796
153 0.08518297595052461
153 0.10551151512006136
153 0.13761172372910585
153 0.26491547106970215
153 0.484224000709746
158 0.3165509299838796
160 0.06528862930917564
160 0.23386214538873706
163 0.14713987891741215
163 0.4414196367522428
166 0.10551697666129321
169 0.0791377324959699
169 0.2418097381821376
169 0.36601201279387263
171 0.1582754649919398
171 0.8045669470424017
173 0.21103395332258643
175 0.08518297595052461
175 0.11583193752081312
175 0.7169743285959868
178 0.06528862930917564
178 0.10551151512006136
178 0.1939424013738115
178 0.3018001346142543
178 1.1033231516435047
182 0.6331018599677593
185 0.13761172372910585
185 0.33413709276076603
187 0.1582754649919398
187 0.8045669470424017
191 0.0791377324959699
193 0.10551697666129321
193 0.37590422935587126
193 0.7584032697530749
200 0.08518297595052461
200 0.14713987891741215
200 0.26491547106970215
200 1.1209701671610777
204 0.06528862930917564
204 0.35908746120047264
208 0.6331018599677593
215 0.10551151512006136
215 0.11583193752081312
215 0.23386214538873706
215 0.4194615961500394
215 1.1088752021701036
218 0.1582754649919398
221 0.6331018599677593
222 0.3165509299838796
223 0.0791377324959699
223 0.2418097381821376
223 0.9953385823829416
226 0.06528862930917564
226 0.08518297595052461
226 0.13761172372910585
226 0.1939424013738115
226 0.484224000709746
226 0.8909589716838429
227 0.10551697666129321
231 0.21103395332258643
231 0.8573254353730609
232 0.3165509299838796
233 0.6331018599677593
235 0.1582754649919398
238 0.06130828288225421
238 0.10551151512006136
238 0.14713987891741215
238 0.3018001346142543
238 0.4414196367522428
238 1.3543404173744302
244 0.11583193752081312
244 0.6818020030422139
248 0.06528862930917564
248 0.0791377324959699
248 0.36601201279387263
