14 0.019784433123992477
19 0.028099629654366264
20 0.019784433123992477
23 0.0351723255537644
29 0.019784433123992477
29 0.028099629654366264
29 0.04440506101162809
33 0.04870014307444302
36 0.019784433123992477
36 0.0351723255537644
40 0.028099629654366264
40 0.06130828288225421
48 0.019784433123992477
48 0.04440506101162809
53 0.028099629654366264
53 0.0351723255537644
54 0.019784433123992477
54 0.04870014307444302
59 0.019784433123992477
59 0.028099629654366264
59 0.04440506101162809
59 0.06130828288225421
61 0.0351723255537644
65 0.019784433123992477
66 0.028099629654366264
66 0.04870014307444302
70 0.019784433123992477
70 0.0351723255537644
70 0.04440506101162809
75 0.028099629654366264
75 0.06130828288225421
78 0.019784433123992477
81 0.0351723255537644
81 0.04870014307444302
84 0.019784433123992477
84 0.028099629654366264
84 0.04440506101162809
89 0.019784433123992477
93 0.028099629654366264
93 0.0351723255537644
93 0.06130828288225421
101 0.019784433123992477
101 0.04440506101162809
101 0.04870014307444302
106 0.028099629654366264
110 0.019784433123992477
110 0.0351723255537644
120 0.019784433123992477
120 0.028099629654366264
120 0.04440506101162809
120 0.06130828288225421
123 0.04870014307444302
127 0.0351723255537644
128 0.019784433123992477
132 0.028099629654366264
137 0.019784433123992477
137 0.04440506101162809
140 0.0351723255537644
144 0.028099629654366264
144 0.04870014307444302
144 0.06130828288225421
148 0.019784433123992477
153 0.019784433123992477
153 0.028099629654366264
153 0.0351723255537644
153 0.04440506101162809
160 0.019784433123992477
160 0.04870014307444302
163 0.028099629654366264
163 0.06130828288225421
166 0.0351723255537644
169 0.013189622082661652
169 0.019784433123992477
169 0.04440506101162809
171 0.013189622082661652
171 0.028099629654366264
173 0.019784433123992477
175 0.013189622082661652
175 0.0351723255537644
175 0.04870014307444302
178 0.013189622082661652
178 0.019784433123992477
178 0.028099629654366264
178 0.04440506101162809
178 0.06130828288225421
182 0.013189622082661652
185 0.019784433123992477
185 0.0351723255537644
187 0.013189622082661652
187 0.028099629654366264
191 0.04870014307444302
193 0.013189622082661652
193 0.019784433123992477
193 0.04440506101162809
200 0.013189622082661652
200 0.028099629654366264
200 0.0351723255537644
200 0.06130828288225421
204 0.019784433123992477
208 0.013189622082661652
215 0.013189622082661652
215 0.019784433123992477
215 0.028099629654366264
215 0.04440506101162809
215 0.04870014307444302
218 0.0351723255537644
221 0.013189622082661652
222 0.019784433123992477
223 0.013189622082661652
223 0.028099629654366264
223 0.06130828288225421
226 0.013189622082661652
226 0.019784433123992477
226 0.0351723255537644
226 0.04440506101162809
227 0.04870014307444302
231 0.013189622082661652
231 0.028099629654366264
232 0.019784433123992477
233 0.013189622082661652
235 0.0351723255537644
238 0.013189622082661652
238 0.019784433123992477
238 0.028099629654366264
238 0.04440506101162809
244 0.013189622082661652
244 0.04870014307444302
248 0.019784433123992477
