48 0.06528862930917564
53 0.08518297595052461
56 0.0791377324959699
59 0.10551151512006136
62 0.10551697666129321
65 0.06528862930917564
66 0.11583193752081312
70 0.08518297595052461
70 0.13761172372910585
75 0.14713987891741215
78 0.0791377324959699
79 0.1582754649919398
84 0.06528862930917564
84 0.10551151512006136
84 0.1939424013738115
88 0.1582754649919398
89 0.10551697666129321
93 0.08518297595052461
93 0.26491547106970215
101 0.11583193752081312
101 0.23386214538873706
106 0.0791377324959699
106 0.2418097381821376
110 0.06528862930917564
110 0.13761172372910585
113 0.21103395332258643
120 0.10551151512006136
120 0.14713987891741215
120 0.3018001346142543
127 0.08518297595052461
127 0.33413709276076603
128 0.1582754649919398
132 0.10551697666129321
132 0.37590422935587126
137 0.06528862930917564
137 0.1939424013738115
137 0.35908746120047264
140 0.0791377324959699
144 0.11583193752081312
144 0.4194615961500394
148 0.1582754649919398
149 0.3165509299838796
153 0.08518297595052461
153 0.10551151512006136
153 0.13761172372910585
153 0.26491547106970215
153 0.484224000709746
158 0.3165509299838796
160 0.06528862930917564
160 0.23386214538873706
163 0.14713987891741215
163 0.4414196367522428
166 0.10551697666129321
169 0.0791377324959699
169 0.2418097381821376
169 0.36601201279387263
171 0.1582754649919398
171 0.8045669470424017
173 0.21103395332258643
175 0.08518297595052461
175 0.11583193752081312
175 0.7169743285959868
178 0.06528862930917564
178 0.10551151512006136
178 0.1939424013738115
178 0.3018001346142543
178 1.1033231516435047
182 0.6331018599677593
185 0.13761172372910585
185 0.33413709276076603
187 0.1582754649919398
187 0.8045669470424017
191 0.0791377324959699
193 0.10551697666129321
193 0.37590422935587126
193 0.7584032697530749
200 0.08518297595052461
200 0.14713987891741215
200 0.26491547106970215
200 1.1209701671610777
204 0.06528862930917564
204 0.35908746120047264
208 0.6331018599677593
215 0.10551151512006136
215 0.11583193752081312
215 0.23386214538873706
215 0.4194615961500394
215 1.1088752021701036
218 0.1582754649919398
221 0.6331018599677593
222 0.3165509299838796
223 0.0791377324959699
223 0.2418097381821376
223 0.9953385823829416
226 0.06528862930917564
226 0.08518297595052461
226 0.13761172372910585
226 0.1939424013738115
226 0.484224000709746
226 0.8909589716838429
227 0.10551697666129321
231 0.21103395332258643
231 0.8573254353730609
232 0.3165509299838796
233 0.6331018599677593
235 0.1582754649919398
238 0.06130828288225421
238 0.10551151512006136
238 0.14713987891741215
238 0.3018001346142543
238 0.4414196367522428
238 1.3543404173744302
244 0.11583193752081312
244 0.6818020030422139
248 0.06528862930917564
248 0.0791377324959699
248 0.36601201279387263
