3 0.006460223060895486
7 0.006460223060895486
8 0.006460223060895486
11 0.006460223060895486
14 0.006460223060895486
16 0.006460223060895486
19 0.006460223060895486
20 0.006460223060895486
23 0.006460223060895486
27 0.006460223060895486
29 0.006460223060895486
31 0.006460223060895486
33 0.006460223060895486
36 0.006460223060895486
40 0.006460223060895486
44 0.006460223060895486
48 0.006460223060895486
49 0.006460223060895486
53 0.006460223060895486
54 0.006460223060895486
56 0.006460223060895486
58 0.006460223060895486
59 0.006460223060895486
61 0.006460223060895486
62 0.006460223060895486
65 0.006460223060895486
66 0.006460223060895486
67 0.006460223060895486
70 0.006460223060895486
71 0.006460223060895486
75 0.006460223060895486
78 0.006460223060895486
79 0.006460223060895486
81 0.006460223060895486
84 0.006460223060895486
86 0.006460223060895486
88 0.006460223060895486
89 0.006460223060895486
93 0.006460223060895486
97 0.006460223060895486
101 0.006460223060895486
104 0.006460223060895486
106 0.006460223060895486
110 0.006460223060895486
113 0.006460223060895486
117 0.006460223060895486
120 0.006460223060895486
123 0.006460223060895486
127 0.006460223060895486
128 0.006460223060895486
132 0.006460223060895486
134 0.006460223060895486
137 0.006460223060895486
140 0.006460223060895486
144 0.006460223060895486
148 0.006460223060895486
149 0.006460223060895486
152 0.006460223060895486
153 0.006460223060895486
154 0.006460223060895486
158 0.006460223060895486
160 0.006460223060895486
163 0.006460223060895486
166 0.006460223060895486
14 0.019784433123992477
19 0.028099629654366264
20 0.019784433123992477
29 0.019784433123992477
29 0.028099629654366264
36 0.019784433123992477
40 0.028099629654366264
48 0.019784433123992477
53 0.028099629654366264
54 0.019784433123992477
59 0.019784433123992477
59 0.028099629654366264
65 0.019784433123992477
66 0.028099629654366264
70 0.019784433123992477
75 0.028099629654366264
78 0.019784433123992477
84 0.019784433123992477
84 0.028099629654366264
89 0.019784433123992477
93 0.028099629654366264
101 0.019784433123992477
106 0.028099629654366264
110 0.019784433123992477
120 0.019784433123992477
120 0.028099629654366264
128 0.019784433123992477
132 0.028099629654366264
137 0.019784433123992477
144 0.028099629654366264
148 0.019784433123992477
153 0.019784433123992477
153 0.028099629654366264
160 0.019784433123992477
163 0.028099629654366264
169 0.013189622082661652
169 0.019784433123992477
171 0.013189622082661652
173 0.019784433123992477
175 0.013189622082661652
178 0.013189622082661652
178 0.019784433123992477
182 0.013189622082661652
185 0.019784433123992477
187 0.013189622082661652
193 0.013189622082661652
193 0.019784433123992477
200 0.013189622082661652
204 0.019784433123992477
208 0.013189622082661652
215 0.013189622082661652
215 0.019784433123992477
221 0.013189622082661652
222 0.019784433123992477
223 0.013189622082661652
226 0.013189622082661652
226 0.019784433123992477
231 0.013189622082661652
232 0.019784433123992477
233 0.013189622082661652
238 0.013189622082661652
238 0.019784433123992477
244 0.013189622082661652
248 0.019784433123992477
48 0.06528862930917564
53 0.08518297595052461
56 0.0791377324959699
59 0.10551151512006136
62 0.10551697666129321
65 0.06528862930917564
66 0.11583193752081312
70 0.08518297595052461
70 0.13761172372910585
75 0.14713987891741215
78 0.0791377324959699
79 0.1582754649919398
84 0.06528862930917564
84 0.10551151512006136
84 0.1939424013738115
89 0.10551697666129321
93 0.08518297595052461
101 0.11583193752081312
106 0.0791377324959699
110 0.06528862930917564
110 0.13761172372910585
120 0.10551151512006136
120 0.14713987891741215
127 0.08518297595052461
128 0.1582754649919398
132 0.10551697666129321
137 0.06528862930917564
137 0.1939424013738115
140 0.0791377324959699
144 0.11583193752081312
153 0.08518297595052461
153 0.10551151512006136
153 0.13761172372910585
160 0.06528862930917564
163 0.14713987891741215
166 0.10551697666129321
169 0.0791377324959699
171 0.1582754649919398
175 0.08518297595052461
175 0.11583193752081312
178 0.06528862930917564
178 0.10551151512006136
178 0.1939424013738115
185 0.13761172372910585
191 0.0791377324959699
193 0.10551697666129321
200 0.08518297595052461
200 0.14713987891741215
204 0.06528862930917564
215 0.10551151512006136
215 0.11583193752081312
218 0.1582754649919398
223 0.0791377324959699
226 0.06528862930917564
226 0.08518297595052461
226 0.13761172372910585
226 0.1939424013738115
227 0.10551697666129321
238 0.06130828288225421
238 0.10551151512006136
238 0.14713987891741215
244 0.11583193752081312
248 0.06528862930917564
248 0.0791377324959699
