23 0.006460223060895486
27 0.006460223060895486
29 0.006460223060895486
31 0.006460223060895486
33 0.006460223060895486
36 0.006460223060895486
40 0.006460223060895486
44 0.006460223060895486
62 0.006460223060895486
65 0.006460223060895486
66 0.006460223060895486
67 0.006460223060895486
70 0.006460223060895486
71 0.006460223060895486
75 0.006460223060895486
78 0.006460223060895486
101 0.006460223060895486
104 0.006460223060895486
106 0.006460223060895486
110 0.006460223060895486
113 0.006460223060895486
117 0.006460223060895486
120 0.006460223060895486
123 0.006460223060895486
149 0.006460223060895486
152 0.006460223060895486
153 0.006460223060895486
154 0.006460223060895486
158 0.006460223060895486
160 0.006460223060895486
163 0.006460223060895486
166 0.006460223060895486
182 0.006460223060895486
185 0.006460223060895486
187 0.006460223060895486
191 0.006460223060895486
193 0.006460223060895486
196 0.006460223060895486
200 0.006460223060895486
204 0.006460223060895486
226 0.006460223060895486
227 0.006460223060895486
231 0.006460223060895486
232 0.006460223060895486
233 0.006460223060895486
235 0.006460223060895486
238 0.006460223060895486
240 0.006460223060895486
48 0.013189622082661652
53 0.013189622082661652
56 0.013189622082661652
59 0.013189622082661652
62 0.013189622082661652
66 0.013189622082661652
70 0.013189622082661652
75 0.013189622082661652
127 0.013189622082661652
132 0.013189622082661652
137 0.013189622082661652
144 0.013189622082661652
149 0.013189622082661652
153 0.013189622082661652
158 0.013189622082661652
163 0.013189622082661652
208 0.013189622082661652
215 0.013189622082661652
221 0.013189622082661652
223 0.013189622082661652
226 0.013189622082661652
231 0.013189622082661652
233 0.013189622082661652
238 0.013189622082661652
65 0.019784433123992477
70 0.019784433123992477
78 0.019784433123992477
84 0.019784433123992477
89 0.019784433123992477
101 0.019784433123992477
110 0.019784433123992477
120 0.019784433123992477
185 0.019784433123992477
193 0.019784433123992477
204 0.019784433123992477
215 0.019784433123992477
222 0.019784433123992477
226 0.019784433123992477
232 0.019784433123992477
238 0.019784433123992477
84 0.028099629654366264
93 0.028099629654366264
106 0.028099629654366264
120 0.028099629654366264
132 0.028099629654366264
144 0.028099629654366264
153 0.028099629654366264
163 0.028099629654366264
23 0.0351723255537644
36 0.0351723255537644
53 0.0351723255537644
61 0.0351723255537644
70 0.0351723255537644
81 0.0351723255537644
93 0.0351723255537644
110 0.0351723255537644
29 0.04440506101162809
48 0.04440506101162809
59 0.04440506101162809
70 0.04440506101162809
84 0.04440506101162809
101 0.04440506101162809
226 0.0351723255537644
235 0.0351723255537644
33 0.04870014307444302
54 0.04870014307444302
66 0.04870014307444302
81 0.04870014307444302
101 0.04870014307444302
123 0.04870014307444302
144 0.04870014307444302
238 0.04440506101162809
75 0.06130828288225421
93 0.06130828288225421
120 0.06130828288225421
144 0.06130828288225421
163 0.06130828288225421
178 0.06130828288225421
200 0.06130828288225421
223 0.06130828288225421
53 0.08518297595052461
70 0.08518297595052461
93 0.08518297595052461
127 0.08518297595052461
153 0.08518297595052461
204 0.06528862930917564
226 0.06528862930917564
248 0.06528862930917564
59 0.10551151512006136
84 0.10551151512006136
120 0.10551151512006136
153 0.10551151512006136
178 0.10551151512006136
191 0.0791377324959699
223 0.0791377324959699
248 0.0791377324959699
66 0.11583193752081312
70 0.13761172372910585
101 0.11583193752081312
110 0.13761172372910585
144 0.11583193752081312
175 0.11583193752081312
215 0.11583193752081312
244 0.11583193752081312
79 0.1582754649919398
84 0.1939424013738115
128 0.1582754649919398
137 0.1939424013738115
171 0.1582754649919398
178 0.1939424013738115
218 0.1582754649919398
226 0.1939424013738115
106 0.2418097381821376
113 0.21103395332258643
160 0.23386214538873706
169 0.2418097381821376
173 0.21103395332258643
215 0.23386214538873706
223 0.2418097381821376
231 0.21103395332258643
144 0.4194615961500394
149 0.3165509299838796
153 0.484224000709746
158 0.3165509299838796
204 0.35908746120047264
215 0.4194615961500394
222 0.3165509299838796
226 0.484224000709746
182 0.6331018599677593
187 0.8045669470424017
193 0.7584032697530749
200 1.1209701671610777
208 0.6331018599677593
215 1.1088752021701036
221 0.6331018599677593
223 0.9953385823829416
