8 0.006460223060895486
11 0.006460223060895486
19 0.006460223060895486
20 0.006460223060895486
29 0.006460223060895486
31 0.006460223060895486
40 0.006460223060895486
44 0.006460223060895486
53 0.006460223060895486
54 0.006460223060895486
59 0.006460223060895486
61 0.006460223060895486
66 0.006460223060895486
67 0.006460223060895486
75 0.006460223060895486
78 0.006460223060895486
84 0.006460223060895486
86 0.006460223060895486
93 0.006460223060895486
97 0.006460223060895486
106 0.006460223060895486
110 0.006460223060895486
120 0.006460223060895486
123 0.006460223060895486
132 0.006460223060895486
134 0.006460223060895486
144 0.006460223060895486
148 0.006460223060895486
153 0.006460223060895486
154 0.006460223060895486
163 0.006460223060895486
166 0.006460223060895486
171 0.006460223060895486
173 0.006460223060895486
178 0.006460223060895486
181 0.006460223060895486
187 0.006460223060895486
191 0.006460223060895486
200 0.006460223060895486
204 0.006460223060895486
215 0.006460223060895486
218 0.006460223060895486
223 0.006460223060895486
225 0.006460223060895486
231 0.006460223060895486
232 0.006460223060895486
238 0.006460223060895486
240 0.006460223060895486
14 0.013189622082661652
19 0.013189622082661652
33 0.013189622082661652
40 0.013189622082661652
56 0.013189622082661652
59 0.013189622082661652
70 0.013189622082661652
75 0.013189622082661652
88 0.013189622082661652
93 0.013189622082661652
113 0.013189622082661652
120 0.013189622082661652
137 0.013189622082661652
144 0.013189622082661652
158 0.013189622082661652
163 0.013189622082661652
175 0.013189622082661652
178 0.013189622082661652
193 0.013189622082661652
200 0.013189622082661652
221 0.013189622082661652
223 0.013189622082661652
233 0.013189622082661652
238 0.013189622082661652
20 0.019784433123992477
29 0.019784433123992477
54 0.019784433123992477
59 0.019784433123992477
78 0.019784433123992477
84 0.019784433123992477
110 0.019784433123992477
120 0.019784433123992477
148 0.019784433123992477
153 0.019784433123992477
173 0.019784433123992477
178 0.019784433123992477
204 0.019784433123992477
215 0.019784433123992477
232 0.019784433123992477
238 0.019784433123992477
29 0.028099629654366264
40 0.028099629654366264
66 0.028099629654366264
75 0.028099629654366264
106 0.028099629654366264
120 0.028099629654366264
153 0.028099629654366264
163 0.028099629654366264
187 0.028099629654366264
200 0.028099629654366264
231 0.028099629654366264
238 0.028099629654366264
53 0.0351723255537644
61 0.0351723255537644
93 0.0351723255537644
110 0.0351723255537644
153 0.0351723255537644
166 0.0351723255537644
200 0.0351723255537644
218 0.0351723255537644
29 0.04440506101162809
48 0.04440506101162809
84 0.04440506101162809
101 0.04440506101162809
153 0.04440506101162809
169 0.04440506101162809
215 0.04440506101162809
226 0.04440506101162809
54 0.04870014307444302
66 0.04870014307444302
123 0.04870014307444302
144 0.04870014307444302
191 0.04870014307444302
215 0.04870014307444302
40 0.06130828288225421
59 0.06130828288225421
120 0.06130828288225421
144 0.06130828288225421
200 0.06130828288225421
223 0.06130828288225421
65 0.06528862930917564
84 0.06528862930917564
160 0.06528862930917564
178 0.06528862930917564
53 0.08518297595052461
248 0.06528862930917564
127 0.08518297595052461
153 0.08518297595052461
56 0.0791377324959699
226 0.08518297595052461
140 0.0791377324959699
169 0.0791377324959699
59 0.10551151512006136
248 0.0791377324959699
153 0.10551151512006136
178 0.10551151512006136
62 0.10551697666129321
89 0.10551697666129321
193 0.10551697666129321
227 0.10551697666129321
144 0.11583193752081312
175 0.11583193752081312
70 0.13761172372910585
110 0.13761172372910585
75 0.14713987891741215
226 0.13761172372910585
200 0.14713987891741215
238 0.14713987891741215
171 0.1582754649919398
218 0.1582754649919398
178 0.1939424013738115
226 0.1939424013738115
187 0.1582754649919398
235 0.1582754649919398
101 0.23386214538873706
200 0.26491547106970215
106 0.2418097381821376
169 0.2418097381821376
173 0.21103395332258643
231 0.21103395332258643
127 0.33413709276076603
238 0.3018001346142543
137 0.35908746120047264
193 0.37590422935587126
149 0.3165509299838796
215 0.4194615961500394
158 0.3165509299838796
226 0.484224000709746
169 0.36601201279387263
238 0.4414196367522428
175 0.7169743285959868
178 1.1033231516435047
193 0.7584032697530749
200 1.1209701671610777
221 0.6331018599677593
223 0.9953385823829416
233 0.6331018599677593
238 1.3543404173744302
