14 0.006460223060895486
16 0.006460223060895486
19 0.006460223060895486
20 0.006460223060895486
33 0.006460223060895486
36 0.006460223060895486
40 0.006460223060895486
44 0.006460223060895486
56 0.006460223060895486
58 0.006460223060895486
59 0.006460223060895486
61 0.006460223060895486
70 0.006460223060895486
71 0.006460223060895486
75 0.006460223060895486
78 0.006460223060895486
88 0.006460223060895486
89 0.006460223060895486
93 0.006460223060895486
97 0.006460223060895486
113 0.006460223060895486
117 0.006460223060895486
120 0.006460223060895486
123 0.006460223060895486
137 0.006460223060895486
140 0.006460223060895486
144 0.006460223060895486
148 0.006460223060895486
158 0.006460223060895486
160 0.006460223060895486
163 0.006460223060895486
166 0.006460223060895486
175 0.006460223060895486
177 0.006460223060895486
178 0.006460223060895486
181 0.006460223060895486
193 0.006460223060895486
196 0.006460223060895486
200 0.006460223060895486
204 0.006460223060895486
221 0.006460223060895486
222 0.006460223060895486
223 0.006460223060895486
225 0.006460223060895486
233 0.006460223060895486
235 0.006460223060895486
238 0.006460223060895486
240 0.006460223060895486
23 0.013189622082661652
29 0.013189622082661652
33 0.013189622082661652
40 0.013189622082661652
62 0.013189622082661652
66 0.013189622082661652
70 0.013189622082661652
75 0.013189622082661652
101 0.013189622082661652
106 0.013189622082661652
113 0.013189622082661652
120 0.013189622082661652
149 0.013189622082661652
153 0.013189622082661652
158 0.013189622082661652
163 0.013189622082661652
182 0.013189622082661652
187 0.013189622082661652
193 0.013189622082661652
200 0.013189622082661652
226 0.013189622082661652
231 0.013189622082661652
233 0.013189622082661652
238 0.013189622082661652
36 0.019784433123992477
48 0.019784433123992477
54 0.019784433123992477
59 0.019784433123992477
89 0.019784433123992477
101 0.019784433123992477
110 0.019784433123992477
120 0.019784433123992477
160 0.019784433123992477
169 0.019784433123992477
173 0.019784433123992477
178 0.019784433123992477
222 0.019784433123992477
226 0.019784433123992477
232 0.019784433123992477
238 0.019784433123992477
53 0.028099629654366264
59 0.028099629654366264
66 0.028099629654366264
75 0.028099629654366264
132 0.028099629654366264
144 0.028099629654366264
153 0.028099629654366264
163 0.028099629654366264
215 0.028099629654366264
223 0.028099629654366264
231 0.028099629654366264
238 0.028099629654366264
70 0.0351723255537644
81 0.0351723255537644
93 0.0351723255537644
110 0.0351723255537644
175 0.0351723255537644
185 0.0351723255537644
200 0.0351723255537644
218 0.0351723255537644
59 0.04440506101162809
70 0.04440506101162809
84 0.04440506101162809
101 0.04440506101162809
178 0.04440506101162809
193 0.04440506101162809
215 0.04440506101162809
226 0.04440506101162809
81 0.04870014307444302
101 0.04870014307444302
123 0.04870014307444302
144 0.04870014307444302
40 0.06130828288225421
59 0.06130828288225421
227 0.04870014307444302
244 0.04870014307444302
163 0.06130828288225421
178 0.06130828288225421
200 0.06130828288225421
223 0.06130828288225421
110 0.06528862930917564
137 0.06528862930917564
160 0.06528862930917564
178 0.06528862930917564
70 0.08518297595052461
93 0.08518297595052461
127 0.08518297595052461
153 0.08518297595052461
78 0.0791377324959699
106 0.0791377324959699
140 0.0791377324959699
169 0.0791377324959699
84 0.10551151512006136
120 0.10551151512006136
153 0.10551151512006136
178 0.10551151512006136
132 0.10551697666129321
166 0.10551697666129321
193 0.10551697666129321
227 0.10551697666129321
70 0.13761172372910585
110 0.13761172372910585
215 0.11583193752081312
244 0.11583193752081312
120 0.14713987891741215
163 0.14713987891741215
200 0.14713987891741215
238 0.14713987891741215
84 0.1939424013738115
137 0.1939424013738115
178 0.1939424013738115
226 0.1939424013738115
93 0.26491547106970215
101 0.23386214538873706
153 0.26491547106970215
200 0.26491547106970215
113 0.21103395332258643
173 0.21103395332258643
223 0.2418097381821376
231 0.21103395332258643
132 0.37590422935587126
137 0.35908746120047264
185 0.33413709276076603
193 0.37590422935587126
153 0.484224000709746
158 0.3165509299838796
222 0.3165509299838796
226 0.484224000709746
171 0.8045669470424017
175 0.7169743285959868
178 1.1033231516435047
248 0.36601201279387263
208 0.6331018599677593
215 1.1088752021701036
221 0.6331018599677593
223 0.9953385823829416
244 0.6818020030422139
