3 0.006460223060895486
7 0.006460223060895486
8 0.006460223060895486
8 0.013189622082661652
11 0.006460223060895486
14 0.006460223060895486
14 0.013189622082661652
14 0.019784433123992477
16 0.006460223060895486
19 0.006460223060895486
19 0.013189622082661652
19 0.028099629654366264
20 0.006460223060895486
20 0.019784433123992477
23 0.006460223060895486
23 0.013189622082661652
23 0.0351723255537644
27 0.006460223060895486
29 0.006460223060895486
29 0.013189622082661652
29 0.019784433123992477
29 0.028099629654366264
29 0.04440506101162809
31 0.006460223060895486
33 0.006460223060895486
33 0.013189622082661652
33 0.04870014307444302
36 0.006460223060895486
36 0.019784433123992477
36 0.0351723255537644
40 0.006460223060895486
40 0.013189622082661652
40 0.028099629654366264
40 0.06130828288225421
44 0.006460223060895486
48 0.006460223060895486
48 0.013189622082661652
48 0.019784433123992477
48 0.04440506101162809
49 0.006460223060895486
53 0.006460223060895486
53 0.013189622082661652
53 0.028099629654366264
53 0.0351723255537644
54 0.006460223060895486
54 0.019784433123992477
54 0.04870014307444302
56 0.006460223060895486
56 0.013189622082661652
58 0.006460223060895486
59 0.006460223060895486
59 0.013189622082661652
59 0.019784433123992477
59 0.028099629654366264
59 0.04440506101162809
59 0.06130828288225421
61 0.006460223060895486
61 0.0351723255537644
62 0.006460223060895486
62 0.013189622082661652
65 0.006460223060895486
65 0.019784433123992477
66 0.006460223060895486
66 0.013189622082661652
66 0.028099629654366264
66 0.04870014307444302
67 0.006460223060895486
70 0.006460223060895486
70 0.013189622082661652
70 0.019784433123992477
70 0.0351723255537644
70 0.04440506101162809
71 0.006460223060895486
75 0.006460223060895486
75 0.013189622082661652
75 0.028099629654366264
75 0.06130828288225421
78 0.006460223060895486
78 0.019784433123992477
79 0.006460223060895486
79 0.013189622082661652
81 0.006460223060895486
81 0.0351723255537644
81 0.04870014307444302
84 0.006460223060895486
84 0.013189622082661652
84 0.019784433123992477
84 0.028099629654366264
84 0.04440506101162809
86 0.006460223060895486
88 0.006460223060895486
88 0.013189622082661652
89 0.006460223060895486
89 0.019784433123992477
93 0.006460223060895486
93 0.013189622082661652
93 0.028099629654366264
93 0.0351723255537644
93 0.06130828288225421
97 0.006460223060895486
101 0.006460223060895486
101 0.013189622082661652
101 0.019784433123992477
101 0.04440506101162809
101 0.04870014307444302
104 0.006460223060895486
106 0.006460223060895486
106 0.013189622082661652
106 0.028099629654366264
110 0.006460223060895486
110 0.019784433123992477
110 0.0351723255537644
113 0.006460223060895486
113 0.013189622082661652
117 0.006460223060895486
120 0.006460223060895486
120 0.013189622082661652
120 0.019784433123992477
120 0.028099629654366264
120 0.04440506101162809
120 0.06130828288225421
123 0.006460223060895486
123 0.04870014307444302
127 0.006460223060895486
127 0.013189622082661652
127 0.0351723255537644
128 0.006460223060895486
128 0.019784433123992477
132 0.006460223060895486
132 0.013189622082661652
132 0.028099629654366264
134 0.006460223060895486
137 0.006460223060895486
137 0.013189622082661652
137 0.019784433123992477
137 0.04440506101162809
140 0.006460223060895486
140 0.0351723255537644
144 0.006460223060895486
144 0.013189622082661652
144 0.028099629654366264
144 0.04870014307444302
144 0.06130828288225421
148 0.006460223060895486
148 0.019784433123992477
149 0.006460223060895486
149 0.013189622082661652
152 0.006460223060895486
153 0.006460223060895486
153 0.013189622082661652
153 0.019784433123992477
153 0.028099629654366264
153 0.0351723255537644
153 0.04440506101162809
154 0.006460223060895486
158 0.006460223060895486
158 0.013189622082661652
160 0.006460223060895486
160 0.019784433123992477
160 0.04870014307444302
163 0.006460223060895486
163 0.013189622082661652
163 0.028099629654366264
163 0.06130828288225421
166 0.006460223060895486
166 0.0351723255537644
169 0.006460223060895486
169 0.013189622082661652
169 0.019784433123992477
169 0.04440506101162809
170 0.006460223060895486
171 0.006460223060895486
171 0.013189622082661652
171 0.028099629654366264
173 0.006460223060895486
173 0.019784433123992477
175 0.006460223060895486
175 0.013189622082661652
175 0.0351723255537644
175 0.04870014307444302
177 0.006460223060895486
178 0.006460223060895486
178 0.013189622082661652
178 0.019784433123992477
178 0.028099629654366264
178 0.04440506101162809
178 0.06130828288225421
181 0.006460223060895486
182 0.006460223060895486
182 0.013189622082661652
185 0.006460223060895486
185 0.019784433123992477
185 0.0351723255537644
187 0.006460223060895486
187 0.013189622082661652
187 0.028099629654366264
191 0.006460223060895486
191 0.04870014307444302
193 0.006460223060895486
193 0.013189622082661652
193 0.019784433123992477
193 0.04440506101162809
196 0.006460223060895486
200 0.006460223060895486
200 0.013189622082661652
200 0.028099629654366264
200 0.0351723255537644
200 0.06130828288225421
204 0.006460223060895486
204 0.019784433123992477
208 0.006460223060895486
208 0.013189622082661652
211 0.006460223060895486
215 0.006460223060895486
215 0.013189622082661652
215 0.019784433123992477
215 0.028099629654366264
215 0.04440506101162809
215 0.04870014307444302
218 0.006460223060895486
218 0.0351723255537644
221 0.006460223060895486
221 0.013189622082661652
222 0.006460223060895486
222 0.019784433123992477
223 0.006460223060895486
223 0.013189622082661652
223 0.028099629654366264
223 0.06130828288225421
225 0.006460223060895486
226 0.006460223060895486
226 0.013189622082661652
226 0.019784433123992477
226 0.0351723255537644
226 0.04440506101162809
227 0.006460223060895486
227 0.04870014307444302
231 0.006460223060895486
231 0.013189622082661652
231 0.028099629654366264
232 0.006460223060895486
232 0.019784433123992477
233 0.006460223060895486
233 0.013189622082661652
235 0.006460223060895486
235 0.0351723255537644
238 0.006460223060895486
238 0.013189622082661652
238 0.019784433123992477
238 0.028099629654366264
238 0.04440506101162809
240 0.006460223060895486
244 0.006460223060895486
244 0.013189622082661652
244 0.04870014307444302
248 0.019784433123992477
