3 0.006460223060895486
7 0.006460223060895486
8 0.006460223060895486
11 0.006460223060895486
14 0.006460223060895486
16 0.006460223060895486
19 0.006460223060895486
20 0.006460223060895486
23 0.006460223060895486
27 0.006460223060895486
29 0.006460223060895486
31 0.006460223060895486
33 0.006460223060895486
36 0.006460223060895486
40 0.006460223060895486
44 0.006460223060895486
48 0.006460223060895486
49 0.006460223060895486
53 0.006460223060895486
54 0.006460223060895486
56 0.006460223060895486
58 0.006460223060895486
59 0.006460223060895486
61 0.006460223060895486
62 0.006460223060895486
65 0.006460223060895486
66 0.006460223060895486
67 0.006460223060895486
70 0.006460223060895486
71 0.006460223060895486
75 0.006460223060895486
78 0.006460223060895486
169 0.006460223060895486
170 0.006460223060895486
171 0.006460223060895486
173 0.006460223060895486
175 0.006460223060895486
177 0.006460223060895486
178 0.006460223060895486
181 0.006460223060895486
182 0.006460223060895486
185 0.006460223060895486
187 0.006460223060895486
191 0.006460223060895486
193 0.006460223060895486
196 0.006460223060895486
200 0.006460223060895486
204 0.006460223060895486
208 0.006460223060895486
211 0.006460223060895486
215 0.006460223060895486
218 0.006460223060895486
221 0.006460223060895486
222 0.006460223060895486
223 0.006460223060895486
225 0.006460223060895486
226 0.006460223060895486
227 0.006460223060895486
231 0.006460223060895486
232 0.006460223060895486
233 0.006460223060895486
235 0.006460223060895486
238 0.006460223060895486
240 0.006460223060895486
14 0.019784433123992477
20 0.019784433123992477
29 0.019784433123992477
36 0.019784433123992477
48 0.019784433123992477
54 0.019784433123992477
59 0.019784433123992477
65 0.019784433123992477
70 0.019784433123992477
78 0.019784433123992477
84 0.019784433123992477
89 0.019784433123992477
101 0.019784433123992477
110 0.019784433123992477
120 0.019784433123992477
169 0.013189622082661652
171 0.013189622082661652
175 0.013189622082661652
178 0.013189622082661652
182 0.013189622082661652
187 0.013189622082661652
193 0.013189622082661652
200 0.013189622082661652
208 0.013189622082661652
215 0.013189622082661652
221 0.013189622082661652
223 0.013189622082661652
226 0.013189622082661652
231 0.013189622082661652
233 0.013189622082661652
238 0.013189622082661652
244 0.013189622082661652
23 0.0351723255537644
29 0.04440506101162809
36 0.0351723255537644
48 0.04440506101162809
53 0.0351723255537644
59 0.04440506101162809
61 0.0351723255537644
70 0.0351723255537644
70 0.04440506101162809
81 0.0351723255537644
84 0.04440506101162809
93 0.0351723255537644
101 0.04440506101162809
110 0.0351723255537644
127 0.0351723255537644
140 0.0351723255537644
153 0.0351723255537644
166 0.0351723255537644
171 0.028099629654366264
175 0.0351723255537644
178 0.028099629654366264
185 0.0351723255537644
187 0.028099629654366264
200 0.028099629654366264
200 0.0351723255537644
215 0.028099629654366264
218 0.0351723255537644
223 0.028099629654366264
226 0.0351723255537644
231 0.028099629654366264
235 0.0351723255537644
238 0.028099629654366264
48 0.06528862930917564
53 0.08518297595052461
56 0.0791377324959699
59 0.10551151512006136
65 0.06528862930917564
70 0.08518297595052461
78 0.0791377324959699
84 0.06528862930917564
84 0.10551151512006136
93 0.08518297595052461
106 0.0791377324959699
110 0.06528862930917564
120 0.10551151512006136
127 0.08518297595052461
137 0.06528862930917564
140 0.0791377324959699
153 0.08518297595052461
153 0.10551151512006136
160 0.06528862930917564
169 0.0791377324959699
175 0.08518297595052461
178 0.06528862930917564
178 0.10551151512006136
191 0.0791377324959699
200 0.08518297595052461
204 0.06528862930917564
223 0.0791377324959699
226 0.06528862930917564
226 0.08518297595052461
238 0.06130828288225421
248 0.06528862930917564
248 0.0791377324959699
88 0.1582754649919398
93 0.26491547106970215
101 0.23386214538873706
106 0.2418097381821376
113 0.21103395332258643
120 0.3018001346142543
127 0.33413709276076603
132 0.37590422935587126
137 0.35908746120047264
144 0.4194615961500394
148 0.1582754649919398
149 0.3165509299838796
153 0.26491547106970215
153 0.484224000709746
158 0.3165509299838796
160 0.23386214538873706
169 0.2418097381821376
173 0.21103395332258643
178 0.3018001346142543
185 0.33413709276076603
187 0.1582754649919398
193 0.37590422935587126
200 0.26491547106970215
204 0.35908746120047264
215 0.23386214538873706
215 0.4194615961500394
222 0.3165509299838796
223 0.2418097381821376
226 0.484224000709746
231 0.21103395332258643
235 0.1582754649919398
238 0.3018001346142543
